3113313333. ’ “ 3

(3. 33111), 3331 113 131331311333 133 Fannius Caepio und
Licinius Murena 33333 Augustus in 1313331133 13113 (3112
3. 10) 33313131113331, 33 331311333 133 1113311313 dieser
8313311333 3111331113 1331311 24 3131 2311) 1133113113
Buch 1311 1333333 313131333113, 33131313 13113 33313311131

133 14.1331111311331131111331313 3331113313 11311311 33- .

3311111; 133311313313113 1331311 3133 33333 133 ¹5.- 331 3133
3331 33111313 1311, 1313313111 17 111111 133 81131313311311, ,
331 13333131 131331333333 33 133 1313313 13133313113133
831311331313313113131, 3133 1311 133 11113333131131133133133-

1333331. .

113311 131 1313331133 331 Η. 11313131313 133 313133 Β113133 ·

131333, 133 1333311313 im J. 20 33331113133 3131. 113 31
333131 20. Β11313, 1313 131133131331133, 33 1313 3331, 31
1313 3313 441313331311 3131331111133, 33 131 113 33333 831331-
1333 31133131 131 3313313 4513131131333, 31331311313 8113-
3313131 21), 3133113333. [1333333 331131133 113 31131 111313
133 31131133 133133 33313 113 3333333313 313 poetica 1111 113
1311 11133 11331313333 331 313133 333131313 13133133333, 11131

1113 33 131131133131 813113 133 1111133 333331131. ’

3333133113 1133331331.

1113131111 131311331 (131 011333313113 133 811133 333-
333113133 1311313133 33313133311331131131331133313. Das kleinste
13131313 1111 113 0333111111 31331131333 81113 131113 mora, χρόό
νος πρῶτος, σημεῖον. 1113 13333 81113 11111 1333311 33 13333
3333131133, 11. 313 131 2Μ3133; 13131 31331333381113 3331
13131 33131 13133 131113133 werden kann und 3133313111. Das
Gesetz‚ 333133131331 11381113313131 Μ31111 311131333131
1311331311 werden, 11331113 Rhymmus, d. h. in dem Wechsel

36) 1113 13133313 11331333 (33 Horatius N. J. 1877 S. 119111, 133
,11111 19, 331 Christe (fastorum Horatianorum epioritis 1133331113· 1877),
20 3131 19 313 133 131131113311131333131 313133 3 Β13131 0133 33
31331333, 13113131 111113133311311 11331 13113113 8131133 1113131) 331
1131311331 13 113 0133 31 Horace (133133 1884), 1313333 3133 3333313
13131331311333 1311311 13133311 11111, 1131131133 1331131. ξ. 133133
13331133 136113111111131. 1133133133 1881, 344. 1331111313 3. 33133
31333333 313133.

 

