, 3 2 1311313313.

⁴ 3311111313 331 3331331Ιί31 1131133131133133113133111133113131)

 

11313 331333113131313313133 313133133131133 1313, 1331 3133
333 3313111181 nichtiolgerm er 13111313 1333 33133 131
15.1313331313311311113 33333333 3313. 1331131333 epist. -
' 11 1, 46 13 3311131333, 1313 33113333 1133 Β1333311313333 Athen
1311133133133333 131, 31333 sein Wunsch 33113333 1133.

11331 1133Ε3133311333 0333333 ’1111311131 131313111313 3131
Μ. Β13133, durch Antonius 3331131133 1331313133, Μ31311331333

’ 11311 11331 3331111133, 133113 ihm mit anderen 11311 3131113333-

1133 313133 1133111331 3331 Η3331 43 v. G. als Kriegstribun
1331 Η3333 131313. So 1131313 33 1133 8311331133 131 Ρ1111331
131 11331313 41 131, 33311331 33 131331313313313111133 Brutus
auf 133133333 111333 133131131, 1331333313331133331133113113·
113313313133 33131133 133313 1133113111 131131) ·
11311331 333 113 33133113333333331133311113333, 13333131
13333113 331333133133313333 11333313, 31311313 S. Pompeius 13-
11331133 331 1133 (11131 113 8331131333 131333113311), 13331113 H.
11131133 3131133131111311313311331331133 3333131333131333113 3311
. 1131313 41 3331113113313111311. Er war inzwischen 1333313111)
1133131331333131333 1133 3331 3131333 33133 1331131111, 313 33
131113313331133 3331 Rom 113331313113; 331133131311313133131
33 33 3331131 Β13333113133313313333, 1311331 Venusia zu den 18
1131133133 81311133 3311313, 1131313133 1133 1313131133 13 1331
13313333 131Μ31133 33 113 8311313313311313 1113 1133 11133313
13313111 1133113111) Β33111133 3311331133 ’1333313113 3131 Η. 3133
831331133313113 13131 81331333131111) 11311 133333 13313131 Ge-
1113113 13 33133113111) 1113333 Ν313333, 3331 11311 1131313131133-

———-

8) epist. 11 2, 4311. - Ἰ
9) 33131. 11 2, 4111. 3311141118. 33331111. Suet. vit.
10) 1133133. 1311. civ. 5,1.

11) 33131111, 5011. Suet. 111. victisque partibus venia impetrata 331. ¹

’1111133133 111111 33 131 3113311133 13 131 anderen mit Capua,

- 1113311313, Β3331331313, Nuceria, Ariminum 33111133οηὶ33 (Vibo Valentia)

331. Uber die (113333131311 13113133133131133333 (13331113. 13. .
13) 3331311313 33331131133133313333311, 8331111. 1131. 331. 11 6, 36.
11) 11333 31 33131. 11 2, 51 ff. 3331, 1113 Α113311313 1113 111311113-

„ . 13111313 3333133, 33 13131 1131 Ζυ3311113331333 1133 stelle, 131311. 3131111311

' meiat, 31 1313 331 333Ν3133111311131, 331 331331333 131331333313,
1111113311 31 33331 1331131 11313 nicht 331311 11113 3311311113 3313331
, 1131131331 1313 3331 11313 3311331133 331. 1113113313 13331331 1333113311

131, 3311331133 133333131131, 11113 33 13 1313331133 Α3333111311 1131131,
13 33131313 31 33 313331. 1113333 3331311311 3133 1131333 3311131333, 11313
33ΐ313111111311131 33133 331131131 1313; 33 1131133131113131 313113 131·
’ὃ 331131.

 

